1.000000  -0.000576
0.999889  -0.000548
0.999556  -0.000462
0.999000  -0.000321
0.998223  -0.000124
0.997224  0.000128
0.996004  0.000433
0.994564  0.000791
0.992904  0.001198
0.991025  0.001655
0.988927  0.002157
0.986612  0.002704
0.984081  0.003293
0.981335  0.003921
0.978374  0.004586
0.975201  0.005284
0.971817  0.006014
0.968223  0.006772
0.964421  0.007556
0.960412  0.008362
0.956199  0.009189
0.951783  0.010033
0.947166  0.010893
0.942351  0.011765
0.937338  0.012644
0.932132  0.013528
0.926733  0.014412
0.921144  0.015291
0.915368  0.016164
0.909408  0.017035
0.903266  0.017906
0.896944  0.018781
0.890446  0.019657
0.883774  0.020525
0.876932  0.021371
0.869922  0.022182
0.862748  0.022962
0.855412  0.023720
0.847919  0.024471
0.840270  0.025222
0.832471  0.025963
0.824524  0.026682
0.816432  0.027371
0.808200  0.028031
0.799831  0.028669
0.791328  0.029288
0.782696  0.029884
0.773938  0.030450
0.765059  0.030984
0.756062  0.031493
0.746951  0.031988
0.737730  0.032474
0.728403  0.032950
0.718975  0.033415
0.709450  0.033862
0.699831  0.034279
0.690124  0.034660
0.680332  0.035018
0.670460  0.035369
0.660512  0.035719
0.650493  0.036056
0.640406  0.036370
0.630258  0.036656
0.620051  0.036912
0.609792  0.037146
0.599483  0.037380
0.589130  0.037626
0.578738  0.037865
0.568310  0.038073
0.557853  0.038251
0.547369  0.038418
0.536864  0.038584
0.526343  0.038746
0.515811  0.038898
0.505271  0.039035
0.494729  0.039151
0.484189  0.039246
0.473657  0.039323
0.463136  0.039387
0.452631  0.039443
0.442147  0.039493
0.431690  0.039538
0.421262  0.039573
0.410870  0.039595
0.400517  0.039600
0.390208  0.039587
0.379949  0.039557
0.369742  0.039510
0.359594  0.039451
0.349507  0.039380
0.339488  0.039300
0.329540  0.039210
0.319668  0.039110
0.309876  0.039001
0.300169  0.038882
0.290550  0.038753
0.281025  0.038611
0.271597  0.038454
0.262270  0.038280
0.253049  0.038085
0.243938  0.037870
0.234941  0.037633
0.226062  0.037377
0.217304  0.037103
0.208672  0.036814
0.200169  0.036510
0.191800  0.036194
0.183568  0.035863
0.175476  0.035517
0.167529  0.035155
0.159730  0.034777
0.152081  0.034383
0.144588  0.033974
0.137252  0.033547
0.130078  0.033099
0.123068  0.032626
0.116226  0.032129
0.109554  0.031611
0.103056  0.031077
0.096734  0.030530
0.090592  0.029970
0.084632  0.029391
0.078856  0.028792
0.073267  0.028170
0.067868  0.027524
0.062662  0.026853
0.057649  0.026156
0.052834  0.025434
0.048217  0.024690
0.043801  0.023928
0.039588  0.023154
0.035579  0.022371
0.031777  0.021568
0.028183  0.020721
0.024799  0.019815
0.021626  0.018851
0.018665  0.017852
0.015919  0.016843
0.013388  0.015845
0.011073  0.014863
0.008975  0.013742
0.007096  0.012324
0.005436  0.010584
0.003996  0.008596
0.002776  0.006496
0.001777  0.004453
0.001000  0.002641
0.000444  0.001219
0.000111  0.000312
0.000000  0.000000
0.000111  -0.000310
0.000444  -0.001214
0.001000  -0.002632
0.001777  -0.004439
0.002776  -0.006478
0.003996  -0.008577
0.005436  -0.010569
0.007096  -0.012320
0.008975  -0.013758
0.011073  -0.014910
0.013388  -0.015934
0.015919  -0.016987
0.018665  -0.018062
0.021626  -0.019133
0.024799  -0.020170
0.028183  -0.021143
0.031777  -0.022052
0.035579  -0.022916
0.039588  -0.023766
0.043801  -0.024616
0.048217  -0.025455
0.052834  -0.026266
0.057649  -0.027042
0.062662  -0.027783
0.067868  -0.028490
0.073267  -0.029168
0.078856  -0.029823
0.084632  -0.030457
0.090592  -0.031071
0.096734  -0.031666
0.103056  -0.032243
0.109554  -0.032802
0.116226  -0.033339
0.123068  -0.033848
0.130078  -0.034325
0.137252  -0.034772
0.144588  -0.035197
0.152081  -0.035609
0.159730  -0.036009
0.167529  -0.036390
0.175476  -0.036740
0.183568  -0.037049
0.191800  -0.037328
0.200169  -0.037589
0.208672  -0.037845
0.217304  -0.038094
0.226062  -0.038333
0.234941  -0.038556
0.243938  -0.038759
0.253049  -0.038936
0.262270  -0.039085
0.271597  -0.039209
0.281025  -0.039310
0.290550  -0.039391
0.300169  -0.039457
0.309876  -0.039509
0.319668  -0.039546
0.329540  -0.039565
0.339488  -0.039560
0.349507  -0.039530
0.359594  -0.039471
0.369742  -0.039382
0.379949  -0.039264
0.390208  -0.039117
0.400517  -0.038943
0.410870  -0.038740
0.421262  -0.038510
0.431690  -0.038251
0.442147  -0.037963
0.452631  -0.037646
0.463136  -0.037298
0.473657  -0.036915
0.484189  -0.036495
0.494729  -0.036032
0.505271  -0.035524
0.515811  -0.034966
0.526343  -0.034354
0.536864  -0.033685
0.547369  -0.032953
0.557853  -0.032156
0.568310  -0.031281
0.578738  -0.030313
0.589130  -0.029243
0.599483  -0.028070
0.609792  -0.026786
0.620051  -0.025368
0.630258  -0.023787
0.640406  -0.022054
0.650493  -0.020212
0.660512  -0.018304
0.670460  -0.016368
0.680332  -0.014441
0.690124  -0.012559
0.699831  -0.010759
0.709450  -0.009065
0.718975  -0.007464
0.728403  -0.005931
0.737730  -0.004456
0.746951  -0.003046
0.756062  -0.001709
0.765059  -0.000449
0.773938  0.000728
0.782696  0.001821
0.791328  0.002840
0.799831  0.003797
0.808200  0.004700
0.816432  0.005537
0.824524  0.006294
0.832471  0.006961
0.840270  0.007550
0.847919  0.008073
0.855412  0.008544
0.862748  0.008957
0.869922  0.009302
0.876932  0.009570
0.883774  0.009759
0.890446  0.009876
0.896944  0.009930
0.903266  0.009928
0.909408  0.009872
0.915368  0.009759
0.921144  0.009586
0.926733  0.009352
0.932132  0.009062
0.937338  0.008720
0.942351  0.008333
0.947166  0.007907
0.951783  0.007449
0.956199  0.006964
0.960412  0.006456
0.964421  0.005929
0.968223  0.005389
0.971817  0.004839
0.975201  0.004286
0.978374  0.003735
0.981335  0.003192
0.984081  0.002662
0.986612  0.002151
0.988927  0.001664
0.991025  0.001207
0.992904  0.000783
0.994564  0.000398
0.996004  0.000055
0.997224  -0.000241
0.998223  -0.000487
0.999000  -0.000682
0.999556  -0.000823
0.999889  -0.000908
1.000000  -0.000936
