1.000000  0.000000
0.999889  0.000018
0.999556  0.000070
0.999000  0.000158
0.998223  0.000280
0.997224  0.000436
0.996004  0.000625
0.994564  0.000847
0.992904  0.001102
0.991025  0.001390
0.988927  0.001712
0.986612  0.002067
0.984081  0.002457
0.981335  0.002880
0.978374  0.003335
0.975201  0.003820
0.971817  0.004335
0.968223  0.004877
0.964421  0.005448
0.960412  0.006047
0.956199  0.006675
0.951783  0.007331
0.947166  0.008014
0.942351  0.008724
0.937338  0.009459
0.932132  0.010218
0.926733  0.010999
0.921144  0.011802
0.915368  0.012626
0.909408  0.013470
0.903266  0.014335
0.896944  0.015218
0.890446  0.016120
0.883774  0.017039
0.876932  0.017974
0.869922  0.018922
0.862748  0.019884
0.855412  0.020857
0.847919  0.021842
0.840270  0.022836
0.832471  0.023839
0.824524  0.024850
0.816432  0.025867
0.808200  0.026890
0.799831  0.027918
0.791328  0.028949
0.782696  0.029983
0.773938  0.031018
0.765059  0.032052
0.756062  0.033084
0.746951  0.034112
0.737730  0.035136
0.728403  0.036155
0.718975  0.037166
0.709450  0.038169
0.699831  0.039164
0.690124  0.040148
0.680332  0.041121
0.670460  0.042082
0.660512  0.043029
0.650493  0.043961
0.640406  0.044878
0.630258  0.045778
0.620051  0.046659
0.609792  0.047521
0.599483  0.048362
0.589130  0.049182
0.578738  0.049978
0.568310  0.050752
0.557853  0.051501
0.547369  0.052224
0.536864  0.052922
0.526343  0.053592
0.515811  0.054234
0.505271  0.054845
0.494729  0.055427
0.484189  0.055976
0.473657  0.056494
0.463136  0.056979
0.452631  0.057431
0.442147  0.057849
0.431690  0.058234
0.421262  0.058583
0.410870  0.058896
0.400517  0.059172
0.390208  0.059410
0.379949  0.059610
0.369742  0.059771
0.359594  0.059894
0.349507  0.059977
0.339488  0.060022
0.329540  0.060027
0.319668  0.059993
0.309876  0.059918
0.300169  0.059803
0.290550  0.059646
0.281025  0.059449
0.271597  0.059210
0.262270  0.058929
0.253049  0.058607
0.243938  0.058243
0.234941  0.057838
0.226062  0.057391
0.217304  0.056904
0.208672  0.056376
0.200169  0.055808
0.191800  0.055200
0.183568  0.054553
0.175476  0.053866
0.167529  0.053140
0.159730  0.052375
0.152081  0.051573
0.144588  0.050731
0.137252  0.049850
0.130078  0.048930
0.123068  0.047972
0.116226  0.046978
0.109554  0.045952
0.103056  0.044894
0.096734  0.043810
0.090592  0.042701
0.084632  0.041560
0.078856  0.040379
0.073267  0.039153
0.067868  0.037877
0.062662  0.036554
0.057649  0.035202
0.052834  0.033845
0.048217  0.032503
0.043801  0.031191
0.039588  0.029912
0.035579  0.028604
0.031777  0.027203
0.028183  0.025668
0.024799  0.023979
0.021626  0.022158
0.018665  0.020354
0.015919  0.018706
0.013388  0.017300
0.011073  0.016182
0.008975  0.015275
0.007096  0.014171
0.005436  0.012614
0.003996  0.010583
0.002776  0.008220
0.001777  0.005759
0.001000  0.003473
0.000444  0.001621
0.000111  0.000417
0.000000  0.000000
0.000111  -0.000417
0.000444  -0.001621
0.001000  -0.003473
0.001777  -0.005759
0.002776  -0.008220
0.003996  -0.010583
0.005436  -0.012614
0.007096  -0.014171
0.008975  -0.015275
0.011073  -0.016182
0.013388  -0.017300
0.015919  -0.018706
0.018665  -0.020354
0.021626  -0.022158
0.024799  -0.023979
0.028183  -0.025668
0.031777  -0.027203
0.035579  -0.028604
0.039588  -0.029912
0.043801  -0.031191
0.048217  -0.032503
0.052834  -0.033845
0.057649  -0.035202
0.062662  -0.036554
0.067868  -0.037877
0.073267  -0.039153
0.078856  -0.040379
0.084632  -0.041560
0.090592  -0.042701
0.096734  -0.043810
0.103056  -0.044894
0.109554  -0.045951
0.116226  -0.046978
0.123068  -0.047972
0.130078  -0.048930
0.137252  -0.049850
0.144588  -0.050731
0.152081  -0.051573
0.159730  -0.052376
0.167529  -0.053141
0.175476  -0.053866
0.183568  -0.054553
0.191800  -0.055201
0.200169  -0.055808
0.208672  -0.056376
0.217304  -0.056904
0.226062  -0.057391
0.234941  -0.057838
0.243938  -0.058243
0.253049  -0.058607
0.262270  -0.058929
0.271597  -0.059210
0.281025  -0.059449
0.290550  -0.059646
0.300169  -0.059803
0.309876  -0.059918
0.319668  -0.059993
0.329540  -0.060027
0.339488  -0.060022
0.349507  -0.059977
0.359594  -0.059894
0.369742  -0.059771
0.379949  -0.059610
0.390208  -0.059410
0.400517  -0.059172
0.410870  -0.058896
0.421262  -0.058583
0.431690  -0.058234
0.442147  -0.057849
0.452631  -0.057431
0.463136  -0.056979
0.473657  -0.056494
0.484189  -0.055976
0.494729  -0.055427
0.505271  -0.054845
0.515811  -0.054234
0.526343  -0.053592
0.536864  -0.052922
0.547369  -0.052224
0.557853  -0.051501
0.568310  -0.050752
0.578738  -0.049978
0.589130  -0.049182
0.599483  -0.048362
0.609792  -0.047521
0.620051  -0.046659
0.630258  -0.045778
0.640406  -0.044878
0.650493  -0.043961
0.660512  -0.043029
0.670460  -0.042082
0.680332  -0.041121
0.690124  -0.040148
0.699831  -0.039164
0.709450  -0.038169
0.718975  -0.037166
0.728403  -0.036155
0.737730  -0.035136
0.746951  -0.034112
0.756062  -0.033084
0.765059  -0.032052
0.773938  -0.031018
0.782696  -0.029983
0.791328  -0.028949
0.799831  -0.027918
0.808200  -0.026890
0.816432  -0.025866
0.824524  -0.024849
0.832471  -0.023838
0.840270  -0.022835
0.847919  -0.021841
0.855412  -0.020857
0.862748  -0.019884
0.869922  -0.018922
0.876932  -0.017974
0.883774  -0.017039
0.890446  -0.016120
0.896944  -0.015218
0.903266  -0.014335
0.909408  -0.013470
0.915368  -0.012626
0.921144  -0.011802
0.926733  -0.010999
0.932132  -0.010218
0.937338  -0.009459
0.942351  -0.008724
0.947166  -0.008014
0.951783  -0.007331
0.956199  -0.006675
0.960412  -0.006047
0.964421  -0.005448
0.968223  -0.004877
0.971817  -0.004335
0.975201  -0.003820
0.978374  -0.003335
0.981335  -0.002880
0.984081  -0.002457
0.986612  -0.002067
0.988927  -0.001712
0.991025  -0.001390
0.992904  -0.001102
0.994564  -0.000847
0.996004  -0.000625
0.997224  -0.000436
0.998223  -0.000280
0.999000  -0.000158
0.999556  -0.000070
0.999889  -0.000018
1.000000  0.000000
